Execution times for dynamic table with parameters:
numberOfBlocks - 1000, blockSize - 300

Create table and fill it with data:
	REAL: 0.009370 sec
	USER: 0.005884 sec
	SYST: 0.005662 sec
Find element:
	REAL: 0.001389 sec
	USER: 0.001326 sec
	SYST: 0.001244 sec
Delete half blocks and then add half blocks:
	REAL: 0.001982 sec
	USER: 0.001971 sec
	SYST: 0.002002 sec
Replace half blocks
	REAL: 0.001998 sec
	USER: 0.002025 sec
	SYST: 0.001963 sec
